3.78,3.07,3.07,3.78,3.78,3.78,3.78,3.78,3.78,3.39,3.78,3.78,3.78,3.78,3.78,3.78,3.78,3.78,3.78,3.78,3.78,3.78,3.78,3.78,3.78,3.39,3.39,3.39,3.78,3.78,3.78,3.78,3.78,3.39,3.78,3.78,3.78,3.78,3.78,3.78,3.78,3.78,3.78,3.78,3.78,3.78,3.78,3.78,3.78,3.78,3.78,3.39,3.78,3.78,3.78,3.78,3.78,3.39,3.78,3.78,3.39,3.78,3.78,3.78,3.78,3.78,3.78,3.78,3.39,3.78,3.78,3.39,3.78,3.78,3.78,3.39,3.78,3.78,3.78,3.78,3.78,3.78,3.78,3.78,3.78,3.78,3.78,3.78,3.39,3.78,3.39,3.78,3.39,3.39,3.39,3.78,3.78,3.78,3.39,3.78,3.78,3.39,3.78,3.78,3.39,3.78,3.78,3.39,3.07,3.78,3.39,3.39,3.39,3.39,3.39,3.39,3.39,3.78,3.78,3.39,3.78,3.78,3.78,3.78,3.78,3.78,3.78,3.78,3.78,3.78,3.39,3.78,3.39,3.78,3.78,3.78,3.78,3.78,3.39,3.78,3.78,3.78,3.78,3.78,3.78,3.39,3.78,3.78,3.78,3.78,3.78,3.78,3.78,3.78,3.78,3.78,3.78,3.78,3.78,3.39,3.39,3.78,3.39,3.78,3.78,3.78,3.78,3.78,3.78,3.78,3.78,3.78,3.39,3.78,3.78,3.78,3.78,3.78,3.39,3.78,3.78,3.78,3.78,3.78,3.78,3.78,3.78,3.78,3.78,3.78,3.78,3.78,3.78,3.78,3.78,3.78,3.78,3.78,3.78,3.78,3.78,3.78,3.78,3.78,3.78,3.78,3.78,3.78,3.78,3.78,3.78,3.78,3.78,3.073.07,3.78,3.78,3.07,3.78,3.78,3.78,3.78,3.78,3.78,3.39,3.78,3.78,3.78,3.78,3.78,3.78,3.78,3.78,3.78,3.78,3.78,3.78,3.78,3.78,3.78,3.78,3.78,3.78,3.78,3.78,3.78,3.78,3.78,3.07,3.78,3.78,3.78,3.78,3.78,3.78,3.78,3.78
3.78,3.78,3.78
3.78,3.78,3.78,3.78,3.78,3.78
3.78,3.39,3.78,3.39,3.78,3.78,3.78,3.78,3.39,3.78,3.39,3.78,3.78,3.39,3.78
3.39,3.07,3.07,3.78,3.78,3.78,3.78,3.39,3.78,3.78,3.78,3.78,2.68
3.78,3.78,3.78,3.07,3.39,3.39,3.39
3.78
3.39,3.78,2.68,3.78,3.78,3.39,3.78,3.39,3.39,3.78,3.39,3.78,3.78,3.78,3.78,3.78,3.78,3.39,3.78,3.39,3.39,3.39,3.39,3.78,3.78,3.78,3.78,3.07,3.78,3.39,3.78,3.78,3.39,3.39,3.39,3.39
3.39,3.78,3.78,3.78,3.78,3.78,3.78,3.78,3.78,3.78,3.39,3.78,3.39,3.78
3.78,2.68,3.78,2.68,3.78,3.78,3.78,3.39,3.78,3.78,3.78,3.78,3.78,3.78,3.78,3.07
3.78,3.78,3.78,3.78,3.78,3.78,3.78,3.78,3.78,3.78,3.78,3.78,3.78,3.78,3.78,3.78,3.78
3.78,3.78,3.78,3.78,3.78,3.78,3.78,3.78,3.78,3.78,3.78,3.78,3.78,3.78,3.78,3.78,3.78,3.78,3.78,3.78,3.78,3.78,3.78,3.78,3.78,3.78,3.78,3.78,3.78,3.78,3.78,3.78,3.78,3.78,3.78,3.78,3.78,3.78,3.78,3.78,3.78,3.78,3.78,3.78,3.78,3.78,3.39,3.78,3.39,3.78,3.78
3.78
3.39,2.68,2.68,2.68,2.68,3.39,3.39,2.68,3.39,2.68,2.68,2.68,2.68,2.68,2.68,2.68,2.68,3.78,3.39,2.68,3.39,3.39,3.39,2.68,3.39,3.39,2.68,2.68,2.68,3.78,2.68,2.68,2.68,2.68,2.36,3.78,3.39,3.78,3.78,3.78,3.39,3.78,3.78,3.39,3.78,3.39,3.78,3.78,3.78,3.78,3.78,3.78,3.78,3.39,3.39,3.78,3.39,3.78,3.78,3.39,3.78,3.78,3.78,3.78,3.07,3.07,3.07,3.78,3.39,3.78,3.78,3.07,3.39,3.39,2.68,2.68,3.39,2.68,3.07,2.68,2.68,2.68,2.68,2.68,2.36,3.07,3.78,3.78,3.78,3.78,3.39,3.78,3.78,3.78,3.39,3.78,3.39,3.78,3.39,3.07,3.78,3.39,3.78,3.78,3.78,3.78,3.78,3.78,3.78,3.78,3.78,3.78,3.78,3.78,3.78,3.78,3.78,3.78,3.78,3.78,3.78,3.78,3.78,3.78,3.78,3.78,3.78,3.78,3.78,3.78,3.78,3.78,3.78,3.78,3.39,3.78,3.78,3.78,3.78,3.78,3.78,3.39,3.78,3.78,3.78,3.78,3.78,3.78,3.39,3.39,3.78,3.78,3.78,3.78,3.78,3.78,3.78,3.39,3.39,3.39,3.78,3.39,3.39,3.78,3.78,3.78,3.78,3.78,3.78,3.78,3.78,3.39,3.78,3.78,3.78,3.39,3.78,3.78,3.78,3.78,3.39,3.78,3.78,3.78,3.78,3.78,3.78,3.78,3.78,3.78,3.78,3.78,3.78,3.78,3.78,3.78,3.78,3.78,3.78,3.39,3.78,3.78,3.78,3.78,3.78,3.78,3.78,3.78,3.78,3.78,3.78,3.39,3.78,3.78,3.78,3.78,3.78,3.78,3.78,3.78,3.78,3.78,3.78,3.78,3.78,3.78,3.78,3.78,3.78,3.78,3.78,3.78,3.78,3.78,3.78,3.78,3.39,3.78,3.78,3.78,3.78,3.78,3.78,3.78,3.78,3.78,3.78,3.78,3.78,3.78,3.78,3.78,3.78,3.78,3.78,3.78,3.78,3.78,3.78,3.78,3.78,3.78,3.78,3.78,3.78,3.78,3.78,3.78,3.78,3.78,3.78,3.78,3.78,3.78,3.78,3.78,3.78,3.78,3.78,3.78,3.78,3.78,3.78,3.78,3.78,3.78,3.78,3.78,3.78,3.78,3.78,3.78,3.78,3.78,3.78,3.78,3.78,3.78,3.78,3.78,3.78,3.78,3.78,3.39,3.78,3.78,3.78,3.78,3.78,3.78,3.78,3.78,3.78,3.78,3.78,3.78,3.78,3.78,3.78,3.78,3.78,3.78,3.78,3.78,3.78,3.78,3.78,3.78,3.78,3.78,3.78,3.78,3.39,3.39,3.78,3.78,3.39,3.78,3.78,3.78,3.78,3.78,3.78,3.78,3.78,3.78,3.78,3.78,3.78,3.78,3.78,3.78,3.78,3.78,3.78,3.78,3.78,3.78,3.78,3.78,3.78,3.78,3.78,3.78,3.78,3.78,3.78,3.78,3.78,3.78,3.78,3.78,3.78,3.78,3.78,3.78,3.39,3.78,3.78,3.78,3.78,3.78,3.78,3.78,3.78,3.78,3.78,3.78,3.78,3.78,3.78,3.78,3.78,3.78,3.78,3.78,3.07,3.07,3.78,3.78,3.78,3.78,3.78,3.78,3.78,3.78,3.78,3.78,3.78,3.78,3.39,3.78,3.78,3.78,3.78,3.78,3.78,3.78,3.39,3.78,3.39,3.39,3.78,3.78,3.39,3.78,3.78,3.78,3.78,3.07,3.78,3.78,3.78,3.78,3.78
3.78,3.39,3.78,3.78,3.78,3.78,3.78,3.78,3.78,3.78,3.78,3.78,3.78,3.78,3.78,3.78,3.78,3.78,3.78,3.78,3.78,3.78,3.78,3.78,3.78,3.39,3.78
3.78,3.78,3.78,3.78,3.78,3.78,3.78,3.78,3.78,3.78,3.39,3.78,3.78,3.39
3.39,3.78,3.78,3.39,3.78,3.78,3.78,3.78,3.39,3.78
3.78,3.78,3.07,3.78,3.78,3.78,3.39,3.78,3.78,3.39,3.07,3.07,3.07,3.78,3.07,3.39,3.78,3.39,3.78,3.78,3.78,3.78,3.78,3.78,3.78,3.39,3.39,3.78,3.78,3.39,3.78,3.78,3.78,3.78,3.78,3.78,3.78
3.39
3.78,3.78,3.78,3.78,3.78,3.78,3.78,3.78,3.78,3.78,3.78
3.07,3.78,3.78
3.39,3.39,3.78
3.78,3.07,3.78,3.78,3.78,3.78,3.78


?????
?????
?????3.78,3.78,3.39,3.78,3.39,3.78,3.07,?3.78,3.78,3.78,3.78,3.78,?3.78,3.78,3.78,3.78,3.78,?3.78,3.78,3.78,3.78,3.78,3.78,?3.78,3.78,3.39,3.78,3.78,3.78,?

3.78,3.78,3.78,3.78,3.78,3.78,3.78,3.78,?,3.39,3.78,3.78,3.78,3.78,?,3.78,3.39,3.78,3.78,3.78,3.78,?,3.78,3.39,3.78,3.78,3.78,3.78,3.78,?,3.78,3.78,3.78,3.78,3.78,3.78,?,3.78,

3.78,3.78,3.78,3.78,3.78,3.78,3.78,3.78,?,3.39,3.78,3.78,3.78,3.78,?,3.78,3.39,3.78,3.78,3.78,3.78,?,3.78,3.39,3.78,3.78,3.78,3.78,3.78,?,3.78,3.78,3.78,3.78,3.78,3.78,?,3.78,3.78,3.78,3.78,?,3.78,3.39,3.78,3.78,?,3.78,3.78,3.78,3.78,3.78,3.78,?,3.78,3.39,3.78,?,3.39,3.78,3.78,3.78,3.78,?,3.78,3.78,

3.78,3.78,3.78,3.78,3.78,3.78,3.78,3.78,?,3.39,3.78,3.78,3.78,3.78,?,3.78,3.39,3.78,3.78,3.78,3.78,?,3.78,3.39,3.78,3.78,3.78,3.78,3.78,?,3.78,3.78,3.78,3.78,3.78,3.78,?,3.78,3.78,3.78,3.78,?,3.78,3.39,3.78,3.78,?,3.78,3.78,3.78,3.78,3.78,3.78,?,3.78,3.39,3.78,?,3.39,3.78,3.78,3.78,3.78,?,3.78,3.78,3.78,3.39,3.78,3.78,3.78,3.78,3.78,?,3.78,3.78,3.78,3.78,3.78,3.07,?,3.07,3.07,3.07,3.07,?,3.07,2.68,3.07,3.78,3.78,?,3.78,3.07,3.07,?,

3.78,3.78,3.78,3.78,3.78,3.78,3.78,3.78,?,3.39,3.78,3.78,3.78,3.78,?,3.78,3.39,3.78,3.78,3.78,3.78,?,3.78,3.39,3.78,3.78,3.78,3.78,3.78,?,3.78,3.78,3.78,3.78,3.78,3.78,?,3.78,3.78,3.78,3.78,?,3.78,3.39,3.78,3.78,?,3.78,3.78,3.78,3.78,3.78,3.78,?,3.78,3.39,3.78,?,3.39,3.78,3.78,3.78,3.78,?,3.78,3.78,3.78,3.39,3.78,3.78,3.78,3.78,3.78,?,3.78,3.78,3.78,3.78,3.78,3.07,?,3.07,3.07,3.07,3.07,?,3.07,2.68,3.07,3.78,3.78,?,3.78,3.07,3.07,?,3.78,3.78,?3.78,3.78,3.78,3.78,3.78,3.23,3.15,2.99,3.78,3.78,3.78,3.78,?3.78,3.78,3.78,3.78,3.78,3.78,3.78,3.78,3.78,3.78,3.39,3.39,?3.39,3.78,3.39,3.78,3.78,3.78,3.78,3.07,3.39,?3.39,3.39,3.39,3.39,3.39,3.39,3.07,3.39,3.78,?3.39,3.07,3.07,???2.68,3.78,3.78,3.78,3.78,3.78,3.78,3.78,3.78,3.78,3.78,3.78,3.78,3.78,?,3.78,3.78,3.39,3.78,3.78,3.78,3.78,3.78,3.78,3.78,3.39,?,3.78,3.07,3.07,3.07,3.39,3.39,3.39,3.39,3.39,?,3.78,3.07,3.78,3.07,?,3.39,3.39,3.78,3.78,3.78,3.39,3.39,3.39,3.78,3.39,2.91,?,3.39,3.78,

3.78,3.78,3.78,3.78,3.78,3.78,3.78,3.78,?,3.39,3.78,3.78,3.78,3.78,?,3.78,3.39,3.78,3.78,3.78,3.78,?,3.78,3.39,3.78,3.78,3.78,3.78,3.78,?,3.78,3.78,3.78,3.78,3.78,3.78,?,3.78,3.78,3.78,3.78,?,3.78,3.39,3.78,3.78,?,3.78,3.78,3.78,3.78,3.78,3.78,?,3.78,3.39,3.78,?,3.39,3.78,3.78,3.78,3.78,?,3.78,3.78,3.78,3.39,3.78,3.78,3.78,3.78,3.78,?,3.78,3.78,3.78,3.78,3.78,3.07,?,3.07,3.07,3.07,3.07,?,3.07,2.68,3.07,3.78,3.78,?,3.78,3.07,3.07,?,3.78,3.78,?3.78,3.78,3.78,3.78,3.78,3.23,3.15,2.99,3.78,3.78,3.78,3.78,?3.78,3.78,3.78,3.78,3.78,3.78,3.78,3.78,3.78,3.78,3.39,3.39,?3.39,3.78,3.39,3.78,3.78,3.78,3.78,3.07,3.39,?3.39,3.39,3.39,3.39,3.39,3.39,3.07,3.39,3.78,?3.39,3.07,3.07,???2.68,3.78,3.78,3.78,3.78,3.78,3.78,3.78,3.78,3.78,3.78,3.78,3.78,3.78,?,3.78,3.78,3.39,3.78,3.78,3.78,3.78,3.78,3.78,3.78,3.39,?,3.78,3.07,3.07,3.07,3.39,3.39,3.39,3.39,3.39,?,3.78,3.07,3.78,3.07,?,3.39,3.39,3.78,3.78,3.78,3.39,3.39,3.39,3.78,3.39,2.91,?,3.39,3.78,3.78,3.39,3.78,3.39,3.78,3.78,3.78,3.78,3.78,3.39,3.39,3.39,3.39,3.39,3.39,3.39,?,3.39,3.78,3.07,3.39,3.39,3.39,3.39,3.39,3.39,3.07,3.78,3.39,3.07,?,3.39,3.78,3.78,3.78,3.78,3.78,?,3.39,3.78,?,3.78,?,

3.78,3.78,3.78,3.78,3.78,3.78,3.78,3.78,?,3.39,3.78,3.78,3.78,3.78,?,3.78,3.39,3.78,3.78,3.78,3.78,?,3.78,3.39,3.78,3.78,3.78,3.78,3.78,?,3.78,3.78,3.78,3.78,3.78,3.78,?,3.78,3.78,3.78,3.78,?,3.78,3.39,3.78,3.78,?,3.78,3.78,3.78,3.78,3.78,3.78,?,3.78,3.39,3.78,?,3.39,3.78,3.78,3.78,3.78,?,3.78,3.78,3.78,3.39,3.78,3.78,3.78,3.78,3.78,?,3.78,3.78,3.78,3.78,3.78,3.07,?,3.07,3.07,3.07,3.07,?,3.07,2.68,3.07,3.78,3.78,?,3.78,3.07,3.07,?,3.78,3.78,?3.78,3.78,3.78,3.78,3.78,3.23,3.15,2.99,3.78,3.78,3.78,3.78,?3.78,3.78,3.78,3.78,3.78,3.78,3.78,3.78,3.78,3.78,3.39,3.39,?3.39,3.78,3.39,3.78,3.78,3.78,3.78,3.07,3.39,?3.39,3.39,3.39,3.39,3.39,3.39,3.07,3.39,3.78,?3.39,3.07,3.07,???2.68,3.78,3.78,3.78,3.78,3.78,3.78,3.78,3.78,3.78,3.78,3.78,3.78,3.78,?,3.78,3.78,3.39,3.78,3.78,3.78,3.78,3.78,3.78,3.78,3.39,?,3.78,3.07,3.07,3.07,3.39,3.39,3.39,3.39,3.39,?,3.78,3.07,3.78,3.07,?,3.39,3.39,3.78,3.78,3.78,3.39,3.39,3.39,3.78,3.39,2.91,?,3.39,3.78,3.78,3.39,3.78,3.39,3.78,3.78,3.78,3.78,3.78,3.39,3.39,3.39,3.39,3.39,3.39,3.39,?,3.39,3.78,3.07,3.39,3.39,3.39,3.39,3.39,3.39,3.07,3.78,3.39,3.07,?,3.39,3.78,3.78,3.78,3.78,3.78,?,3.39,3.78,?,3.78,?,3.78,?,?,?,?,?,

3.78,3.78,3.78,3.78,3.78,3.78,3.78,3.78,?,3.39,3.78,3.78,3.78,3.78,?,3.78,3.39,3.78,3.78,3.78,3.78,?,3.78,3.39,3.78,3.78,3.78,3.78,3.78,?,3.78,3.78,3.78,3.78,3.78,3.78,?,3.78,3.78,3.78,3.78,?,3.78,3.39,3.78,3.78,?,3.78,3.78,3.78,3.78,3.78,3.78,?,3.78,3.39,3.78,?,3.39,3.78,3.78,3.78,3.78,?,3.78,3.78,3.78,3.39,3.78,3.78,3.78,3.78,3.78,?,3.78,3.78,3.78,3.78,3.78,3.07,?,3.07,3.07,3.07,3.07,?,3.07,2.68,3.07,3.78,3.78,?,3.78,3.07,3.07,?,3.78,3.78,?3.78,3.78,3.78,3.78,3.78,3.23,3.15,2.99,3.78,3.78,3.78,3.78,?3.78,3.78,3.78,3.78,3.78,3.78,3.78,3.78,3.78,3.78,3.39,3.39,?3.39,3.78,3.39,3.78,3.78,3.78,3.78,3.07,3.39,?3.39,3.39,3.39,3.39,3.39,3.39,3.07,3.39,3.78,?3.39,3.07,3.07,???2.68,3.78,3.78,3.78,3.78,3.78,3.78,3.78,3.78,3.78,3.78,3.78,3.78,3.78,?,3.78,3.78,3.39,3.78,3.78,3.78,3.78,3.78,3.78,3.78,3.39,?,3.78,3.07,3.07,3.07,3.39,3.39,3.39,3.39,3.39,?,3.78,3.07,3.78,3.07,?,3.39,3.39,3.78,3.78,3.78,3.39,3.39,3.39,3.78,3.39,2.91,?,3.39,3.78,3.78,3.39,3.78,3.39,3.78,3.78,3.78,3.78,3.78,3.39,3.39,3.39,3.39,3.39,3.39,3.39,?,3.39,3.78,3.07,3.39,3.39,3.39,3.39,3.39,3.39,3.07,3.78,3.39,3.07,?,3.39,3.78,3.78,3.78,3.78,3.78,?,3.39,3.78,?,3.78,?,3.78,?,?,?,?,?,3.78,3.78,3.78,??2.68,??????

3.78,3.78,3.78,3.78,3.78,3.78,3.78,3.78,?,3.39,3.78,3.78,3.78,3.78,?,3.78,3.39,3.78,3.78,3.78,3.78,?,3.78,3.39,3.78,3.78,3.78,3.78,3.78,?,3.78,3.78,3.78,3.78,3.78,3.78,?,3.78,3.78,3.78,3.78,?,3.78,3.39,3.78,3.78,?,3.78,3.78,3.78,3.78,3.78,3.78,?,3.78,3.39,3.78,?,3.39,3.78,3.78,3.78,3.78,?,3.78,3.78,3.78,3.39,3.78,3.78,3.78,3.78,3.78,?,3.78,3.78,3.78,3.78,3.78,3.07,?,3.07,3.07,3.07,3.07,?,3.07,2.68,3.07,3.78,3.78,?,3.78,3.07,3.07,?,3.78,3.78,?3.78,3.78,3.78,3.78,3.78,3.23,3.15,2.99,3.78,3.78,3.78,3.78,?3.78,3.78,3.78,3.78,3.78,3.78,3.78,3.78,3.78,3.78,3.39,3.39,?3.39,3.78,3.39,3.78,3.78,3.78,3.78,3.07,3.39,?3.39,3.39,3.39,3.39,3.39,3.39,3.07,3.39,3.78,?3.39,3.07,3.07,???2.68,3.78,3.78,3.78,3.78,3.78,3.78,3.78,3.78,3.78,3.78,3.78,3.78,3.78,?,3.78,3.78,3.39,3.78,3.78,3.78,3.78,3.78,3.78,3.78,3.39,?,3.78,3.07,3.07,3.07,3.39,3.39,3.39,3.39,3.39,?,3.78,3.07,3.78,3.07,?,3.39,3.39,3.78,3.78,3.78,3.39,3.39,3.39,3.78,3.39,2.91,?,3.39,3.78,3.78,3.39,3.78,3.39,3.78,3.78,3.78,3.78,3.78,3.39,3.39,3.39,3.39,3.39,3.39,3.39,?,3.39,3.78,3.07,3.39,3.39,3.39,3.39,3.39,3.39,3.07,3.78,3.39,3.07,?,3.39,3.78,3.78,3.78,3.78,3.78,?,3.39,3.78,?,3.78,?,3.78,?,?,?,?,?,3.78,3.78,3.78,??2.68,??????3.39,3.07,3.39,3.78,3.39,3.78,3.78,3.78,3.78,3.78,3.78,3.78,?,?,3.78,3.78,3.78,3.78,3.78,3.78,3.78,3.78,3.78,3.78,?,3.39,3.78,3.78,3.78,?,3.78,3.78,3.78,3.78,3.78,3.78,3.78,3.78,3.78,3.78,3.78,3.78,3.78,3.78,3.78,3.78,3.78,3.78,3.78,3.78,3.78,3.78,3.78,3.78,3.78,3.78,3.78,3.78,3.78,3.78,3.78,3.78,?,

3.78,3.78,3.78,3.78,3.78,3.78,3.78,3.78,?,3.39,3.78,3.78,3.78,3.78,?,3.78,3.39,3.78,3.78,3.78,3.78,?,3.78,3.39,3.78,3.78,3.78,3.78,3.78,?,3.78,3.78,3.78,3.78,3.78,3.78,?,3.78,3.78,3.78,3.78,?,3.78,3.39,3.78,3.78,?,3.78,3.78,3.78,3.78,3.78,3.78,?,3.78,3.39,3.78,?,3.39,3.78,3.78,3.78,3.78,?,3.78,3.78,3.78,3.39,3.78,3.78,3.78,3.78,3.78,?,3.78,3.78,3.78,3.78,3.78,3.07,?,3.07,3.07,3.07,3.07,?,3.07,2.68,3.07,3.78,3.78,?,3.78,3.07,3.07,?,3.78,3.78,?3.78,3.78,3.78,3.78,3.78,3.23,3.15,2.99,3.78,3.78,3.78,3.78,?3.78,3.78,3.78,3.78,3.78,3.78,3.78,3.78,3.78,3.78,3.39,3.39,?3.39,3.78,3.39,3.78,3.78,3.78,3.78,3.07,3.39,?3.39,3.39,3.39,3.39,3.39,3.39,3.07,3.39,3.78,?3.39,3.07,3.07,???2.68,3.78,3.78,3.78,3.78,3.78,3.78,3.78,3.78,3.78,3.78,3.78,3.78,3.78,?,3.78,3.78,3.39,3.78,3.78,3.78,3.78,3.78,3.78,3.78,3.39,?,3.78,3.07,3.07,3.07,3.39,3.39,3.39,3.39,3.39,?,3.78,3.07,3.78,3.07,?,3.39,3.39,3.78,3.78,3.78,3.39,3.39,3.39,3.78,3.39,2.91,?,3.39,3.78,3.78,3.39,3.78,3.39,3.78,3.78,3.78,3.78,3.78,3.39,3.39,3.39,3.39,3.39,3.39,3.39,?,3.39,3.78,3.07,3.39,3.39,3.39,3.39,3.39,3.39,3.07,3.78,3.39,3.07,?,3.39,3.78,3.78,3.78,3.78,3.78,?,3.39,3.78,?,3.78,?,3.78,?,?,?,?,?,3.78,3.78,3.78,??2.68,??????3.39,3.07,3.39,3.78,3.39,3.78,3.78,3.78,3.78,3.78,3.78,3.78,?,?,3.78,3.78,3.78,3.78,3.78,3.78,3.78,3.78,3.78,3.78,?,3.39,3.78,3.78,3.78,?,3.78,3.78,3.78,3.78,3.78,3.78,3.78,3.78,3.78,3.78,3.78,3.78,3.78,3.78,3.78,3.78,3.78,3.78,3.78,3.78,3.78,3.78,3.78,3.78,3.78,3.78,3.78,3.78,3.78,3.78,3.78,3.78,?,3.78,3.78,3.78,3.78,3.78,3.78,3.78,3.78,3.78,3.78,3.78,3.78,3.78,3.78,3.78,3.78,3.78,3.78,3.78,3.78,3.78,3.78,3.07,3.78,3.78,3.78,3.78,3.78,3.78,3.78,3.07,3.78,3.78,3.07,3.78,3.07,3.78,3.78,3.78,3.78,3.78,3.78,3.78,3.78,3.78,3.78,3.39,3.78,3.78,3.78,3.78,3.78,2.68,3.07,3.78,3.78,3.78,3.78,3.78,3.78,3.78,3.78,3.78,3.78,3.78,3.78,3.78,3.78,3.78,3.78,3.39,3.78,3.78,3.78,3.78,3.78,3.78,3.07,3.78,3.78,2.68,3.39,3.78,3.78,3.07,3.07,3.78,3.78,3.78,3.78,3.78,3.78,3.78,3.78,3.78,3.78,3.39,3.78,3.39,3.78,3.78,3.39,3.78,3.78,3.78,3.78,3.78,3.39,3.78,3.78,3.39,3.78,3.78,3.78,3.78,3.78,3.39,3.78,3.78,3.78,3.39,3.78,3.78,3.78,3.78,3.78,3.78,?,3.78,3.78,3.78,3.78,3.78,3.78,3.78,3.78,3.78,3.78,3.39,3.78,3.78,3.78,3.78,3.78,3.78,3.78,3.78,3.78,3.78,3.78,3.78,3.78,3.78,3.78,3.78,3.78,3.78,3.78,3.78,3.78,3.78,3.78,3.78,3.78,3.78,3.78,3.39,3.39,3.39,3.78,3.07,3.39,3.78,3.78,3.78,3.78,3.39,2.68,3.07,3.78,3.78,?,3.78,3.78,3.78,3.78,3.78,3.78,3.78,?,3.78,3.78,3.78,3.78,3.78,3.78,3.39,3.78,3.78,3.78,3.78,3.78,3.39,3.78,3.78,3.78,3.78,3.78,3.78,3.78,3.78,3.78,3.39,3.78,3.78,3.78,3.78,3.78,3.78,3.78,3.78,3.78,3.78,?,3.78,3.78,3.78,3.78,3.78,3.78,3.78,3.78,3.78,3.78,3.78,3.78,3.78,3.39,3.78,3.78,3.78,3.78,3.78,3.78,3.78,3.78,3.78,3.78,3.78,3.78,3.78,3.78,3.78,3.78,3.78,3.78,3.78,3.78,3.78,3.78,3.39,3.39,3.78,3.78,3.78,3.78,3.78,3.39,3.78,3.78,3.78,?,3.78,

3.78,3.78,3.78,3.78,3.78,3.78,3.78,3.78,?,3.39,3.78,3.78,3.78,3.78,?,3.78,3.39,3.78,3.78,3.78,3.78,?,3.78,3.39,3.78,3.78,3.78,3.78,3.78,?,3.78,3.78,3.78,3.78,3.78,3.78,?,3.78,3.78,3.78,3.78,?,3.78,3.39,3.78,3.78,?,3.78,3.78,3.78,3.78,3.78,3.78,?,3.78,3.39,3.78,?,3.39,3.78,3.78,3.78,3.78,?,3.78,3.78,3.78,3.39,3.78,3.78,3.78,3.78,3.78,?,3.78,3.78,3.78,3.78,3.78,3.07,?,3.07,3.07,3.07,3.07,?,3.07,2.68,3.07,3.78,3.78,?,3.78,3.07,3.07,?,3.78,3.78,?3.78,3.78,3.78,3.78,3.78,3.23,3.15,2.99,3.78,3.78,3.78,3.78,?3.78,3.78,3.78,3.78,3.78,3.78,3.78,3.78,3.78,3.78,3.39,3.39,?3.39,3.78,3.39,3.78,3.78,3.78,3.78,3.07,3.39,?3.39,3.39,3.39,3.39,3.39,3.39,3.07,3.39,3.78,?3.39,3.07,3.07,???2.68,3.78,3.78,3.78,3.78,3.78,3.78,3.78,3.78,3.78,3.78,3.78,3.78,3.78,?,3.78,3.78,3.39,3.78,3.78,3.78,3.78,3.78,3.78,3.78,3.39,?,3.78,3.07,3.07,3.07,3.39,3.39,3.39,3.39,3.39,?,3.78,3.07,3.78,3.07,?,3.39,3.39,3.78,3.78,3.78,3.39,3.39,3.39,3.78,3.39,2.91,?,3.39,3.78,3.78,3.39,3.78,3.39,3.78,3.78,3.78,3.78,3.78,3.39,3.39,3.39,3.39,3.39,3.39,3.39,?,3.39,3.78,3.07,3.39,3.39,3.39,3.39,3.39,3.39,3.07,3.78,3.39,3.07,?,3.39,3.78,3.78,3.78,3.78,3.78,?,3.39,3.78,?,3.78,?,3.78,?,?,?,?,?,3.78,3.78,3.78,??2.68,??????3.39,3.07,3.39,3.78,3.39,3.78,3.78,3.78,3.78,3.78,3.78,3.78,?,?,3.78,3.78,3.78,3.78,3.78,3.78,3.78,3.78,3.78,3.78,?,3.39,3.78,3.78,3.78,?,3.78,3.78,3.78,3.78,3.78,3.78,3.78,3.78,3.78,3.78,3.78,3.78,3.78,3.78,3.78,3.78,3.78,3.78,3.78,3.78,3.78,3.78,3.78,3.78,3.78,3.78,3.78,3.78,3.78,3.78,3.78,3.78,?,3.78,3.78,3.78,3.78,3.78,3.78,3.78,3.78,3.78,3.78,3.78,3.78,3.78,3.78,3.78,3.78,3.78,3.78,3.78,3.78,3.78,3.78,3.07,3.78,3.78,3.78,3.78,3.78,3.78,3.78,3.07,3.78,3.78,3.07,3.78,3.07,3.78,3.78,3.78,3.78,3.78,3.78,3.78,3.78,3.78,3.78,3.39,3.78,3.78,3.78,3.78,3.78,2.68,3.07,3.78,3.78,3.78,3.78,3.78,3.78,3.78,3.78,3.78,3.78,3.78,3.78,3.78,3.78,3.78,3.78,3.39,3.78,3.78,3.78,3.78,3.78,3.78,3.07,3.78,3.78,2.68,3.39,3.78,3.78,3.07,3.07,3.78,3.78,3.78,3.78,3.78,3.78,3.78,3.78,3.78,3.78,3.39,3.78,3.39,3.78,3.78,3.39,3.78,3.78,3.78,3.78,3.78,3.39,3.78,3.78,3.39,3.78,3.78,3.78,3.78,3.78,3.39,3.78,3.78,3.78,3.39,3.78,3.78,3.78,3.78,3.78,3.78,?,3.78,3.78,3.78,3.78,3.78,3.78,3.78,3.78,3.78,3.78,3.39,3.78,3.78,3.78,3.78,3.78,3.78,3.78,3.78,3.78,3.78,3.78,3.78,3.78,3.78,3.78,3.78,3.78,3.78,3.78,3.78,3.78,3.78,3.78,3.78,3.78,3.78,3.78,3.39,3.39,3.39,3.78,3.07,3.39,3.78,3.78,3.78,3.78,3.39,2.68,3.07,3.78,3.78,?,3.78,3.78,3.78,3.78,3.78,3.78,3.78,?,3.78,3.78,3.78,3.78,3.78,3.78,3.39,3.78,3.78,3.78,3.78,3.78,3.39,3.78,3.78,3.78,3.78,3.78,3.78,3.78,3.78,3.78,3.39,3.78,3.78,3.78,3.78,3.78,3.78,3.78,3.78,3.78,3.78,?,3.78,3.78,3.78,3.78,3.78,3.78,3.78,3.78,3.78,3.78,3.78,3.78,3.78,3.39,3.78,3.78,3.78,3.78,3.78,3.78,3.78,3.78,3.78,3.78,3.78,3.78,3.78,3.78,3.78,3.78,3.78,3.78,3.78,3.78,3.78,3.78,3.39,3.39,3.78,3.78,3.78,3.78,3.78,3.39,3.78,3.78,3.78,?,3.78,3.07,3.07,?,3.07,3.39,3.39,3.39,3.39,?,3.78,3.78,3.78,?,3.39,3.78,3.78,3.78,3.39,3.39,3.78,3.39,3.39,3.78,3.39,3.78,3.78,3.78,3.78,3.78,3.78,3.78,3.39,3.78,3.39,3.78,3.78,3.78,3.78,3.78,3.78,?,3.78,3.78,3.78,3.78,3.39,3.39,3.78,3.39,3.39,3.39,3.39,3.78,3.78,3.78,3.78,3.78,3.78,3.78,3.78,3.78,3.78,3.78,3.78,3.78,3.78,3.78,3.78,3.78,3.78,?,

3.78,3.78,3.78,3.78,3.78,3.78,3.78,3.78,?,3.39,3.78,3.78,3.78,3.78,?,3.78,3.39,3.78,3.78,3.78,3.78,?,3.78,3.39,3.78,3.78,3.78,3.78,3.78,?,3.78,3.78,3.78,3.78,3.78,3.78,?,3.78,3.78,3.78,3.78,?,3.78,3.39,3.78,3.78,?,3.78,3.78,3.78,3.78,3.78,3.78,?,3.78,3.39,3.78,?,3.39,3.78,3.78,3.78,3.78,?,3.78,3.78,3.78,3.39,3.78,3.78,3.78,3.78,3.78,?,3.78,3.78,3.78,3.78,3.78,3.07,?,3.07,3.07,3.07,3.07,?,3.07,2.68,3.07,3.78,3.78,?,3.78,3.07,3.07,?,3.78,3.78,?3.78,3.78,3.78,3.78,3.78,3.23,3.15,2.99,3.78,3.78,3.78,3.78,?3.78,3.78,3.78,3.78,3.78,3.78,3.78,3.78,3.78,3.78,3.39,3.39,?3.39,3.78,3.39,3.78,3.78,3.78,3.78,3.07,3.39,?3.39,3.39,3.39,3.39,3.39,3.39,3.07,3.39,3.78,?3.39,3.07,3.07,???2.68,3.78,3.78,3.78,3.78,3.78,3.78,3.78,3.78,3.78,3.78,3.78,3.78,3.78,?,3.78,3.78,3.39,3.78,3.78,3.78,3.78,3.78,3.78,3.78,3.39,?,3.78,3.07,3.07,3.07,3.39,3.39,3.39,3.39,3.39,?,3.78,3.07,3.78,3.07,?,3.39,3.39,3.78,3.78,3.78,3.39,3.39,3.39,3.78,3.39,2.91,?,3.39,3.78,3.78,3.39,3.78,3.39,3.78,3.78,3.78,3.78,3.78,3.39,3.39,3.39,3.39,3.39,3.39,3.39,?,3.39,3.78,3.07,3.39,3.39,3.39,3.39,3.39,3.39,3.07,3.78,3.39,3.07,?,3.39,3.78,3.78,3.78,3.78,3.78,?,3.39,3.78,?,3.78,?,3.78,?,?,?,?,?,3.78,3.78,3.78,??2.68,??????3.39,3.07,3.39,3.78,3.39,3.78,3.78,3.78,3.78,3.78,3.78,3.78,?,?,3.78,3.78,3.78,3.78,3.78,3.78,3.78,3.78,3.78,3.78,?,3.39,3.78,3.78,3.78,?,3.78,3.78,3.78,3.78,3.78,3.78,3.78,3.78,3.78,3.78,3.78,3.78,3.78,3.78,3.78,3.78,3.78,3.78,3.78,3.78,3.78,3.78,3.78,3.78,3.78,3.78,3.78,3.78,3.78,3.78,3.78,3.78,?,3.78,3.78,3.78,3.78,3.78,3.78,3.78,3.78,3.78,3.78,3.78,3.78,3.78,3.78,3.78,3.78,3.78,3.78,3.78,3.78,3.78,3.78,3.07,3.78,3.78,3.78,3.78,3.78,3.78,3.78,3.07,3.78,3.78,3.07,3.78,3.07,3.78,3.78,3.78,3.78,3.78,3.78,3.78,3.78,3.78,3.78,3.39,3.78,3.78,3.78,3.78,3.78,2.68,3.07,3.78,3.78,3.78,3.78,3.78,3.78,3.78,3.78,3.78,3.78,3.78,3.78,3.78,3.78,3.78,3.78,3.39,3.78,3.78,3.78,3.78,3.78,3.78,3.07,3.78,3.78,2.68,3.39,3.78,3.78,3.07,3.07,3.78,3.78,3.78,3.78,3.78,3.78,3.78,3.78,3.78,3.78,3.39,3.78,3.39,3.78,3.78,3.39,3.78,3.78,3.78,3.78,3.78,3.39,3.78,3.78,3.39,3.78,3.78,3.78,3.78,3.78,3.39,3.78,3.78,3.78,3.39,3.78,3.78,3.78,3.78,3.78,3.78,?,3.78,3.78,3.78,3.78,3.78,3.78,3.78,3.78,3.78,3.78,3.39,3.78,3.78,3.78,3.78,3.78,3.78,3.78,3.78,3.78,3.78,3.78,3.78,3.78,3.78,3.78,3.78,3.78,3.78,3.78,3.78,3.78,3.78,3.78,3.78,3.78,3.78,3.78,3.39,3.39,3.39,3.78,3.07,3.39,3.78,3.78,3.78,3.78,3.39,2.68,3.07,3.78,3.78,?,3.78,3.78,3.78,3.78,3.78,3.78,3.78,?,3.78,3.78,3.78,3.78,3.78,3.78,3.39,3.78,3.78,3.78,3.78,3.78,3.39,3.78,3.78,3.78,3.78,3.78,3.78,3.78,3.78,3.78,3.39,3.78,3.78,3.78,3.78,3.78,3.78,3.78,3.78,3.78,3.78,?,3.78,3.78,3.78,3.78,3.78,3.78,3.78,3.78,3.78,3.78,3.78,3.78,3.78,3.39,3.78,3.78,3.78,3.78,3.78,3.78,3.78,3.78,3.78,3.78,3.78,3.78,3.78,3.78,3.78,3.78,3.78,3.78,3.78,3.78,3.78,3.78,3.39,3.39,3.78,3.78,3.78,3.78,3.78,3.39,3.78,3.78,3.78,?,3.78,3.07,3.07,?,3.07,3.39,3.39,3.39,3.39,?,3.78,3.78,3.78,?,3.39,3.78,3.78,3.78,3.39,3.39,3.78,3.39,3.39,3.78,3.39,3.78,3.78,3.78,3.78,3.78,3.78,3.78,3.39,3.78,3.39,3.78,3.78,3.78,3.78,3.78,3.78,?,3.78,3.78,3.78,3.78,3.39,3.39,3.78,3.39,3.39,3.39,3.39,3.78,3.78,3.78,3.78,3.78,3.78,3.78,3.78,3.78,3.78,3.78,3.78,3.78,3.78,3.78,3.78,3.78,3.78,?,3.39,2.68,?,3.78,3.78,3.78,3.78,3.78,3.78,3.39,?,3.39,3.39,3.39,3.39,?,3.78,3.39,3.39,3.78,3.78,3.78,3.39,3.78,3.7,?,3.78,3.78,3.78,3.78,3.78,3.78,3.78,3.78,3.78,3.78,3.78,3.39,3.78,3.78,3.78,3.78,3.78,3.78,3.78,3.78,?,
